10
20
32
46
62
80
100
122
146
172
200
230
262
296
332
370
410
452
496
542
590
640
692
746
802
860
920
982
1046
1112
1180
1250
1322
1396
1472
1550
1630
1712
1796
1882
1970
2060
2152
2246
2342
2440
2540
2642
2746
2852
5
8
11
14
17
20
23
26
29
32
35
38
41
44
47
50
53
56
59
62
65
68
71
74
77
80
83
86
89
92
95
98
101
104
107
110
113
116
119
122
125
128
131
134
137
140
143
146
149
152
1
4
9
16
25
36
49
64
81
100
121
144
169
196
225
256
289
324
361
400
441
484
529
576
625
676
729
784
841
900
961
1024
1089
1156
1225
1296
1369
1444
1521
1600
1681
1764
1849
1936
2025
2116
2209
2304
2401
2500
1
8
27
64
125
216
343
512
729
1000
1331
1728
2197
2744
3375
4096
4913
5832
6859
8000
9261
10648
12167
13824
15625
17576
19683
21952
24389
27000
29791
32768
35937
39304
42875
46656
50653
54872
59319
64000
68921
74088
79507
85184
91125
97336
103823
110592
117649
125000
1
32
243
1024
3125
7776
16807
32768
59049
100000
161051
248832
371293
537824
759375
1048576
1419857
1889568
2476099
3200000
4084101
5153632
6436343
7962624
9765625
11881376
14348907
17210368
20511149
24300000
28629151
33554432
39135393
45435424
52521875
60466176
69343957
79235168
90224199
102400000
115856201
130691232
147008443
164916224
184528125
205962976
229345007
254803968
282475249
312500000
14
28
58
110
190
304
458
658
910
1220
1594
2038
2558
3160
3850
4634
5518
6508
7610
8830
10174
11648
13258
15010
16910
18964
21178
23558
26110
28840
31754
34858
38158
41660
45370
49294
53438
57808
62410
67250
72334
77668
83258
89110
95230
101624
108298
115258
122510
130060
10
9
26
103
306
725
1474
2691
4538
7201
10890
15839
22306
30573
40946
53755
69354
88121
110458
136791
167570
203269
244386
291443
344986
405585
473834
550351
635778
730781
836050
952299
1080266
1220713
1374426
1542215
1724914
1923381
2138498
2371171
2622330
2892929
3183946
3496383
3831266
4189645
4572594
4981211
5416618
5879961
0.01745240643728351
0.03489949670250097
0.052335956242943835
0.0697564737441253
0.08715574274765817
0.10452846326765347
0.12186934340514748
0.13917310096006544
0.15643446504023087
0.17364817766693033
0.1908089953765448
0.20791169081775934
0.224951054343865
0.24192189559966773
0.25881904510252074
0.27563735581699916
0.29237170472273677
0.3090169943749474
0.3255681544571567
0.3420201433256687
0.35836794954530027
0.374606593415912
0.39073112848927377
0.4067366430758002
0.42261826174069944
0.4383711467890774
0.45399049973954675
0.4694715627858908
0.48480962024633706
0.49999999999999994
0.5150380749100542
0.5299192642332049
0.5446390350150271
0.5591929034707469
0.573576436351046
0.5877852522924731
0.6018150231520483
0.6156614753256583
0.6293203910498374
0.6427876096865393
0.6560590289905073
0.6691306063588582
0.6819983600624985
0.6946583704589973
0.7071067811865476
0.7193398003386512
0.7313537016191705
0.7431448254773942
0.754709580222772
0.766044443118978
0.9998476951563913
0.9993908270190958
0.9986295347545738
0.9975640502598242
0.9961946980917455
0.9945218953682733
0.992546151641322
0.9902680687415704
0.9876883405951378
0.984807753012208
0.981627183447664
0.9781476007338057
0.9743700647852352
0.9702957262759965
0.9659258262890683
0.9612616959383189
0.9563047559630354
0.9510565162951535
0.9455185755993168
0.9396926207859084
0.9335804264972017
0.9271838545667874
0.9205048534524404
0.9135454576426009
0.9063077870366499
0.898794046299167
0.8910065241883679
0.882947592858927
0.8746197071393957
0.8660254037844387
0.8571673007021123
0.848048096156426
0.838670567945424
0.8290375725550417
0.8191520442889918
0.8090169943749475
0.7986355100472928
0.7880107536067219
0.7771459614569709
0.766044443118978
0.754709580222772
0.7431448254773942
0.7313537016191705
0.7193398003386512
0.7071067811865476
0.6946583704589973
0.6819983600624985
0.6691306063588582
0.6560590289905073
0.6427876096865394
104
196
676
2180
5800
13204
26756
49636
85960
140900
220804
333316
487496
693940
964900
1314404
1758376
2314756
3003620
3847300
4870504
6100436
7566916
9302500
11342600
13725604
16492996
19689476
23363080
27565300
32351204
37779556
43912936
50817860
58564900
67228804
76888616
87627796
99534340
112700900
127224904
143208676
160759556
179990020
201017800
223966004
248963236
276143716
305647400
337620100
